Maria Iordanou,miordanou@travelcompany.com,Athens,Greek,Individual
Dimitrios Dimitriou,dimitriou@travelcompany.com,Athens,Greek,Individual
Ioanna Ioannou,ioannou@travelcompany.com,Athens,Greek,Business
Kostas Kosta,kosta@travelcompany.com,Larisa,Greek,Business
George Owen,owen22@travelcompany.com,London,English,Business
Mateo Trujijo,truhijo@travelcompany.com,Madrid,Spanish,Individual
Martha Pareira,marthapareira@travelcompany.com,Stockhom,Swedish,Individual
Erika Ukika,ukikaer4@travelcompany.com,Tokyo,Japanese,Business